Tabula lv,

exhibens rationem inter pondus speeifieum et quantitatem
Aeidi nitrici‚ qnae in eentum panibus acidi aqua
dilun· continetur.

Secundum Kolb.

Pondus Partes Pondus Partes Pondus
spegiflfium censsengnae spegifiznm (effingam
· ι · ι ι

1530 10000 1439 7939 1995 46·64
1530 9984 1499 7194 1984 4500
1530 9979 1493 6996 1974 4953
1599 9959 1419 6990 1964 4900
1593 9789 1414 6800 1957 4100
1590 9700 1410 6700 1951 4000
1516 9600 1405 6600 1944 3900
1514 9597 1400 6507 1937 3195
1509 9400 1395 6400 1995 3600
1506 9301 1393 6359 1918 3500
1503 9900 1386 6900 1911 3386
1499 9100 , 1381 6191 1198 3900
1495 9000 1374 6000 1199 3100
1494 8956 1379 5959 1185 3000
1488 8800 1368 5888 1179 9900
1486 87·45 1363 5800 1179 9800
1489 8617 1358 5700 1166 9700
1478 8500 1353 56·10 1157 9571
1474 8400 1346 5500 1138 9300
1470 8300 1341 5400 1190 9000
1467 8900 1339 5381 1105 1147
1463 8096 1335 5300 1089 1500

 

 

 

1460 8000 1331 5933 1077 1300
1456 7900 1393 5099 1067 1141
1451 77·66 1317 4997 1045 799
1445 7600 1319 4900 1099 400
1449 7500 1304 4800 1010 900
1438 74 01 1998 4118 9999 000
1435 7300

 

 

