Tabula V,

indicans pondus specificam Aoidi phosphorici aqua

’ soluti in relatione ad quantitatem acidi anhydri et quae

huic respondet, orthophosphorici‚ quam centum pantes
solutionis continent.

Secundum watto.

pondus Partes centesimae acidi Pondus Partes centesimae acidi
Sfbecsscgm enhydri θηξὲἓὲἓῗ· sfgmbfiomhm anhydri &marilige-

1·508 4960 6846· 1347 3834 3398
1493 4841 6683 1336 3730 3768
1476 4740 6501 1336 3636 3638
1464 4563 6398 1311 3179 3133
1453 4638 6364 1197 3333 3306
1443 4113 6091 1185 3307 3046
1434 4395 6066 1173 3091 3386
1436 4338 5374 1163 1373 3733
1418 4361 5381 1153 1681 3596
1401 4160 5743 1144 17·89 3469
1393 4086 5640 1136 1695 3340
1384 4013 5538 1134 1564 3159
1376 3966 5171 1113 1133 1387
1369 3931 5113 1109 1335 1839

 

 

1356 3300 5345 1095 1318 1681
1347 3137 5158 1081 1044 1441
1339 3674 5071 1073 353 1315
1338 3615 4390 1066 863 1190
1315 3183 ’ 4306 1056 “7·39 1030
1303 3349 4633 1047 617 863
1393 3371 4615 1031 115 573
1385 3194 4109 1033 303 118
1376 3103 4383 1014 191 “ 364
1368 3013 4159 1006 079 109
1357 3316 4035

 

